97 11 C0 5F 93 81 01 80 17 41 C0 5F 13 01 81 FF
33 04 01 00 6F 00 80 00 6F F0 9F FE 41 11 06 C6
97 00 00 00 E7 80 A0 0D 37 05 00 80 13 05 05 00
B7 05 00 80 93 85 05 00 63 F7 A5 00 23 A0 05 00
91 05 E3 ED A5 FE 37 05 00 80 13 05 05 00 B7 05
00 80 93 85 05 00 63 FC A5 00 37 06 00 00 13 06
06 00 14 42 94 C1 11 06 91 05 E3 EC A5 FE 97 00
00 00 E7 80 C0 07 97 00 00 00 E7 80 20 FA 00 00
39 71 06 C0 16 C2 1A C4 1E C6 72 C8 76 CA 7A CC
7E CE 2A D0 2E D2 32 D4 36 D6 3A D8 3E DA 42 DC
46 DE EF 00 A0 02 82 40 92 42 22 43 B2 43 42 4E
D2 4E 62 4F F2 4F 02 55 92 55 22 56 B2 56 42 57
D2 57 62 58 F2 58 21 61 73 00 20 30 41 11 06 C6
97 00 00 00 E7 80 A0 02 09 65 13 05 05 80 B2 40
41 01 17 03 00 00 67 00 A3 01 37 05 40 20 13 05
05 08 17 03 00 00 67 00 03 01 82 80 73 20 05 30
82 80 73 10 55 30 82 80 75 33 32 00
